 
$coefficients
        Intercept             month               day              hour            minute            second 
     8.101442e+02      2.020535e+01      2.744800e-01      2.862257e+00     -6.662880e-01      8.337601e-03 
  passenger_count  pickup_longitude   pickup_latitude dropoff_longitude  dropoff_latitude 
     3.277717e+01      1.814874e+02     -1.218525e+02     -4.349267e+01     -6.091808e+01 

$residuals
   [1]  -371.4227603  -355.2407184  1219.2675707  -651.2765754  -285.3024594  -679.1659263  -718.9773547
   [8]   825.8545707  -774.0899518   348.6278663   290.9952835   143.7358013   204.0058296  -680.6637689
  [15]   503.3841517  -692.7903349  1361.1180262  -217.9755718   287.0503456  -792.7068386  -387.8163743
  [22]  -248.4575209  -434.5836533   123.9805640  1483.9207000   375.3873148   331.3049688  -622.0279164
  [29]  -291.2047964  1528.5235220   507.0527673  -146.0880159   -97.0515401  1490.2929876  -272.4822586
  [36]  -336.6501212  -360.0700359  -862.6870472   173.7204280   693.3896373   538.4217861   158.5405494
  [43]   469.6994642  -616.1722721  -408.0455371   473.1780772  -624.5075912  -318.1661795   160.4387931
  [50]    21.4954567   914.0677012   728.8584261  -411.4510422  -414.6603356   -96.0311083  1710.7169702
  [57]   371.6164288  1605.7795856  -285.9607374  -475.5074432  -636.2273135  -295.1179673  -507.4495807
  [64]  -102.5727279  -805.7838221  -486.9974878   -85.4907849   270.1470076  -796.6755374  -108.7439471
  [71]  -373.2912925  -433.7985007  -762.2210172  -319.0958184  1428.4517532  -166.7326978   773.6029653
  [78]  1414.8624734  -329.7563357   167.0071900   214.3679059     3.7318987  -323.6599529  -736.4240220
  [85]  -678.7558439   317.4345663  -121.4326676    56.9902243  -557.9945206  -571.3151718  -686.6136139
  [92]  -376.6854816   871.0917560  1152.1574348  -513.6234978  -343.3001390  -574.6369016   308.4118398
  [99]   899.7532617  -151.3356818   916.5555153  -359.8159735   180.6884382  -231.1774080  -177.8773474
 [106]   179.5759136  -565.3582483   -74.4151824  -647.1137061  -461.0991662  -479.3536068  1465.3005677
 [113]   638.5293731  -498.9722271   -51.3458587  1509.4949190  -251.9572839     5.7166514  -169.1301639
 [120]  -318.4222112  -320.2238733  -569.8860232  -787.0469902    12.3501825  -820.7715478  -305.9626375
 [127]   444.2388699  -552.5639867   190.3576562    35.5042430  -536.4085204  -606.6482338    66.9159190
 [134]  -158.7715023  -537.4816678  -702.2439169  -527.7570859   503.9904463  -438.2278399  -228.4571907
 [141]  -772.1962629    -4.6338590  -153.1073021  -454.3156142   144.0708784  -194.9467529  -642.6258003
 [148]  -318.9797258   -75.0767159  -770.9295792    22.2568101  -461.9462495  -490.6259720  -485.2683195
 [155]  -230.8851393  -743.0230429    31.8353728   -10.3316650  -349.0134019   363.0921494   -66.0901116
 [162]  -377.2056937  -729.3320893  -407.3648178  -502.7186722   376.3946841   465.4517624  1381.3767613
 [169]   202.5329995  -456.3548913   459.6888633   202.5879076   -15.5573355  -755.2671289  -292.7118084
 [176]  -147.7226800  -305.1888918  -258.1285923  -498.2444884  -704.5259043  -640.8121557  -496.0857403
 [183]   -27.8220182  -256.0606661  -359.4436874    29.6834454  -335.2680965  -722.1899787  -160.5928315
 [190]  -458.6376533  -502.8779493    53.1679408  -409.6428149    67.1063259  -337.0617189   -46.5490041
 [197]  1046.2237098   -57.7519423  1530.0523205  -881.3713155  -560.0875363  -637.1860882   -18.4010116
 [204]  -453.3165920  -473.9082474  -528.7623544  -630.3573739   515.2437318    58.6822564   474.8522795
 [211]  -459.8309164  -322.2936642  -510.0397434    -7.1161660   619.2965636  -424.9770562  -571.3113329
 [218]    75.5663490  -435.8809722   429.0911647  1478.7260988  -784.9831018  -400.1809874   165.2218761
 [225]  -486.9122108  -683.6812295  -882.5472579  -314.7301262   370.8225260  -782.4080339  -238.4585365
 [232]   -47.2803132  -749.2492356  -313.5558003  -947.6515386  -256.8068449  1887.9062043  -355.5603646
 [239]   142.0744004  -127.2158559   442.9099673   392.6370891   101.5741681  1529.9008411  -485.4535571
 [246]  1234.2650823  -577.7789389   743.7490111  -541.8168832  -611.3579645    76.8823842  -837.1520706
 [253]   409.3180505  -498.2593188  -151.0479031  -406.5241001    38.9837503   412.0565300   217.3300032
 [260]   890.4952700  -127.8101642  -561.4754785   226.5384266  -546.1652555  -246.3415087     6.4462462
 [267]   161.5656879  -599.2150093   951.5078657  -711.0786664  -153.3619729    -7.5322767   340.4816282
 [274]  -667.4551579  -483.3915995  -165.9693437   401.1275748  -292.6088932  -872.5365609   125.0054185
 [281]  -565.6771277  -627.8524378  -323.4833838  -223.1820183  -117.0199932   232.6570089  -570.6489480
 [288]   -33.6893702  -751.9273878  -518.6431253   202.3989831   186.3535758  -506.6798824    21.4967167
 [295]  -732.5527768   957.6356982  -563.7844920   -49.6034140  -393.0549336  -388.6972783   292.4759065
 [302]  -357.1148656  -703.9735776  -487.7102904   208.0439230  -265.1275289  -367.2179503  -662.9498039
 [309]  -619.0250933  -474.9502234   332.3238784  -564.7722350   384.5111025   271.9441138  -327.7664617
 [316]  -271.7226149   172.4718718  -742.0728290   -28.1885372   494.7378304   517.6171952  -665.4760793
 [323]  -929.7337137  -865.7441796  -461.0421423  -390.3603962   196.6549417   -40.7081150   139.7978473
 [330]  -967.1835269  -239.7419620  -579.7223423  -111.0239526  1068.1366999  -194.2095404 -1016.9118021
 [337]  -220.6262067   955.4346111    81.5159692  -311.5738999  -276.5163255  -492.6157074  -180.5370789
 [344]  1827.5008034    27.6861237  -509.0781974  -204.5885311    -5.8152346   -12.7504478  -598.4024568
 [351]   212.1340823  1088.3922377  1162.9336352  -596.0272786  4326.3362057  -299.3683461   580.8692137
 [358]  -383.5426518  -833.9260879  -259.3121780   287.8164544  -411.2383727  -654.1181686     2.4824607
 [365]  -552.0487176  -452.8403892  -423.0791085   363.1783354   224.6195960  -220.5274778  -453.3241225
 [372]  -345.4305253  -551.9805238  -464.2938354   158.9004872   559.4458776  -788.9188436   -90.8740503
 [379]  -624.8640026    45.6592986  -147.9034608  -522.1774487  -873.8809271   441.9540663  -165.9772661
 [386]     0.7085866  1637.0679387  -365.6909479  -195.0369046   392.7919259  -217.6323304    82.2735146
 [393]  -738.5895418   757.1152196    -1.1729523   416.6094657  -422.9885408  -192.0319487  1483.0011099
 [400]    24.0572186  1079.3505898    52.6451041   -77.3792943  3311.0980620    23.2969818  -176.6153299
 [407]  -543.1871844  -887.0309364  -213.5543362   346.5403115  -422.0651827   381.3119666  -881.8977697
 [414]  -248.6421238   305.3728598    61.8511726  -194.0073084  -413.0936010  -301.4961518  -563.1424684
 [421]  -112.1132151  -417.9455076  1253.6338806    53.4617440  -787.6431218   163.5725399  1013.9234528
 [428]    60.4396702    79.1682341  -563.8501434  -473.6602635   334.9411631  -485.4899036  -708.6039156
 [435]  -554.7805579  -449.2123088  -297.4521836  -753.0337285  -432.9857063  -602.1626041  -640.5935455
 [442]  -685.2064335   149.9106778  -752.2318520   105.4203973  -291.9641401  -324.6662701  -251.6966633
 [449]  -304.4711250   -66.3177315  -372.3143510  -409.5953741  -597.5234793  1792.4966131  -216.9610780
 [456]  -351.3580852  -653.5826786  -347.3177424  -519.9385718    71.2891807    23.4729510   485.8487767
 [463]  1297.6473049   906.5172571  1124.6670426   -40.1488159   175.2629072  -538.8459490  -572.8644665
 [470]  -326.0379233  -466.1225349   -79.5340530  -776.4524397  -559.1808113  -645.6676520  -305.8775417
 [477]  -529.5118222  -591.0177322   -64.4958246  -331.2928842  -486.7145637   176.4727707   -83.9941830
 [484]  -759.9309426   -74.6006526  -556.9409847  1182.7741677  -207.8557297  1846.5412966   380.5183319
 [491]  -535.3045796  -249.4422630     4.9990682  -330.4417097   -69.5993903  1443.0081398  -172.5867838
 [498]   -89.0222759   -63.7266035  -585.3077701   256.5760421  -309.9051775   -10.8863205  -755.8987703
 [505]  -789.8585197  -846.6626464   360.7757205  -200.8106647  -662.4058135  -534.4516427  -381.5221785
 [512]  -462.7536447  -612.8381240  -156.9902077  -504.6028785  -514.5248666  -486.8157453   632.7284660
 [519]   484.3633674  -344.1457921  -102.8352321    18.4951240  -655.0155773   609.3313184   -33.3405517
 [526]  -663.9147857  -681.9815861   -58.4448864  -330.5140574   -32.6260544   462.1673107 83598.1612031
 [533]   241.3462908  -200.5406779  -630.2293636   -83.2299598  -633.3935043  -501.4302011   258.8179582
 [540]  -302.8751383     1.1188990   856.0900804    84.1832253  -474.8907744  -508.4428812  -362.6298835
 [547]  -355.0397236  -672.7314979   217.9671699  -680.1720167  -361.6341136  -131.4289108   892.0171499
 [554]   -34.8739199    10.6435200  -637.1791702  -367.3125302  -476.5356333  -815.9385714  -289.6166857
 [561]    91.5381020   323.0011985  -338.5983620  2589.6292483  -527.7459380  -577.9316245  -813.1267715
 [568]   456.4740878    41.4841113    62.0643010  -346.4216308  -859.2624405   -27.5252574  -243.3549383
 [575]  -587.1510265  -588.4049160  -557.8867349  -765.4084551   874.9550573   408.8669746  -439.5416834
 [582]   -76.2416938   235.5232581  -522.5244964   180.9722353   535.9528818  -437.8012783  -185.4284996
 [589]  1543.8416424   120.8612496   -49.8999822  -878.2250021   113.6682579   298.8794839  -789.9008755
 [596]  -289.4563571  -829.1019664   -73.3924409  -418.6812280  -612.6229781  -612.4338707   -50.3999620
 [603]   -99.6668222  -689.5111865  -251.3040216  -328.9478275  -273.6617125  -418.0090014  -727.0011497
 [610]  -256.9356760  -124.0432485   483.9175196    51.7807472  -513.5841659  -467.0310822  -715.3980111
 [617]   205.3029744   775.8101859   480.2910055  -628.2991566     2.3023519  -396.8398948  -621.9479369
 [624]    49.3681398  -890.6735613   123.3355332  -514.0142680   269.2767520  -556.8820913  -929.0517035
 [631]    81.7787967  -452.9681095   367.8224838   167.1022587  -736.0499675  -383.4389948  1074.2281680
 [638]  -877.0841913  -363.2473052   290.0209054  -604.5905787  -307.6259339  -409.8020133   123.0459038
 [645]   338.5352642  1160.8047250   314.1823951  -278.5715970  -795.1801053  -701.3981600    55.0332648
 [652]   104.0317751  -509.5384467   -64.9630248   677.5661639   790.7393284    55.2777210  -242.8192720
 [659]  -395.8753485  1082.3635329   467.8919559  -384.6621482  -548.8480928   531.4930308   107.1084081
 [666]   517.4953981  -718.9952693   229.9105734  -426.3659140  -556.6750976    10.9439826  -315.2183877
 [673]  -175.2101835    25.6995647  -216.7982256   153.1159547  -196.2458643   794.5053523   948.1908789
 [680]  -307.1153604  1095.8035409  -488.0776187  -260.7077183  -319.5312236  -397.4567285  -697.5859120
 [687]   501.8872441  -736.7230757  -416.1672687  -944.5438967    21.8537256  -494.7746254  -659.5965222
 [694]  -968.7167650   156.3483380   -99.1253292  -219.5975829   267.2329072   778.4628883  -187.9933827
 [701]  -681.3852699  -321.4670306 -1240.3820219  -807.2239421   972.0638251  -349.0386133  -307.4346979
 [708]  -651.7853223  -540.3536696  -501.0372163  -664.5410689  1688.7307174  -272.7375492  -461.5448026
 [715]   817.8846971  -715.7358000   301.1765775  -362.2773088  -590.8644374  -553.6909456  -587.7175539
 [722]  -187.5728347   625.3509973  -568.1513395   554.6002734  -963.3170195  -669.6444288   860.5890723
 [729]   440.0413266  -324.8590034   423.3614723  -692.6924903   827.7075703  -188.9840997  -492.1760382
 [736]  1404.5427732   437.3349437  -261.2193740   -12.4991310   597.3467699  -575.8024995  -736.9337576
 [743]    87.8884534  -734.8011519  -113.0901222   591.8172536   364.9176477  -631.1595900  -356.2543734
 [750]    29.2680404   793.1818855   508.7014686  -714.1210117  -206.6842360  -204.0672755  1094.8863360
 [757]   -27.8292304  -541.5421498  -462.6966364  -392.5576504  -175.7028310  -157.1176349  -197.0082956
 [764]   545.0221581  -414.1415950  1064.6136033    92.9160021   -13.2146661  -618.3307688    49.5105536
 [771]  -612.8919363   627.0583133  -194.3224414  -645.3201725   114.5945982  -350.5862873  -436.6252410
 [778]  -149.8469015    60.0236373   -64.3594912   476.0404584  -216.6948776  -689.9756946  -746.8536243
 [785]  -128.5553495   368.6617120  -162.0648480   108.1823333  -596.5697204   269.8574931   911.8164410
 [792]  -396.2104714    48.7643720  -354.7682074  -596.9084485  -370.2550578  -207.5370182   729.3709626
 [799]  -746.6819299  -563.0557112  -476.4549881  -255.7159240  -462.3544840  -702.0196037  -661.3243799
 [806]  -655.2010159  1093.6542477  -362.3937002   254.9612156  -267.0969338  -350.8146218  -796.0160932
 [813]  -348.5386791  -251.8838760  1441.0549130   403.7042089  -751.4076764  -399.8452324  -563.7418055
 [820]  -283.4930140  -551.0641627  -571.8748552    57.6273623  -637.0903314  -728.6971092  -505.8796212
 [827]  -399.6523184  -468.9291294  -600.6118243  -937.2442917    23.9071522  -447.3474633    43.8176826
 [834]  -747.9871226   510.8382978   423.7741501  -126.4403101  1345.6775682  -538.2614858  1794.6548095
 [841]  -564.5471353  -756.1914750 -1908.6339941   355.0343908   -20.4203338  -437.7901820  -230.3896683
 [848]  -760.6975295  -570.0471781   401.2314334  -242.1525112  -500.8093090   228.7715973 -1103.3376245
 [855]  -220.2584386   130.2349614  -331.9392277  -414.6334264  -266.6894953   635.3621838   150.7062546
 [862]  2673.4255881  -117.4970709   -88.6599555   914.7838630    91.0100041  -314.1040368  -548.8152001
 [869]    51.4476180   -42.3865617   -40.6567684  -214.0450530  -490.7123159  -244.1701317  -494.1681048
 [876]  -465.5788612   -86.7254988   -52.0931628  -270.9508897  -680.7751677  -849.4727960  -740.2107299
 [883]  -634.3690146  -637.0559456   962.4183941  -566.8396806  -284.3937268  -716.6435402  -639.3440702
 [890]    30.8126669  -469.3891359  -390.7638082  -507.4634367    58.6164665   447.2797121   199.3168052
 [897]  -465.5723133   176.5599415  -428.7008200  -346.5767012  -395.9126694  -384.9882566  -221.3540096
 [904]  -350.2376594   844.4248444  -322.7512323  -221.4550420  -286.2346046   -86.4225502  -212.0782177
 [911]  -232.6693085   328.6608037  -192.3069353  -298.7753627  -208.8184392   373.1054339   455.1111071
 [918]  -297.2322389  -503.3282227  -645.7327775   -33.1888474  -433.1923277  -318.7007005  -632.2786142
 [925]  -591.9282597  -698.3466357  -559.0042648  -666.3147636  -604.4679876  -295.5006328  -117.8916048
 [932]  1124.0734247  -314.4176801  -484.1198860    98.9590304  -214.8070937  -165.5069330  -209.2652567
 [939]   -59.0284824  -368.0034834  1685.7717271  -620.9356493  -498.9151047   692.5410571  -183.3426225
 [946]  -571.8069160  -714.9178842   418.2190278  -599.4232337  -786.5809079  -293.6566804   308.1872696
 [953]   175.8482359  -414.1408053    68.0568773  -627.8364808  -304.9323407  -617.7409654  -560.7611636
 [960]  -348.2845740  -648.8425710  -474.7334024  -289.0656416   301.0216466  -299.4554384   -67.7319789
 [967]  -744.8477864  -179.3505491  -692.1630241  -159.6566049   133.5034548  -782.5362019  -430.6281022
 [974]  -768.7403672  -414.3256091   229.8381609  1623.0641370   106.6301107  -659.3533448  -536.8470261
 [981]  -232.0812836  -723.5030019  -160.3946850  -159.7328175  -698.5318399  -282.5317940  1540.4313811
 [988]  -715.5602888   -76.1278453   159.0767641   463.4575178  2346.6526142  -396.0595016  -560.9687053
 [995]  -522.9383552   334.4618841   603.9357997    84.3289766  -452.1645517  -347.0143011
 [ reached getOption("max.print") -- omitted 1457644 entries ]

$intercept
[1] TRUE

$qr
$qt
   [1] -1.158820e+06 -4.179314e+04 -4.210528e+03 -2.348526e+04  1.467297e+04 -2.203234e+02 -5.346742e+04
   [8] -1.673318e+05 -1.884198e+05  3.204392e+04 -6.362828e+04  1.445525e+02  2.042261e+02 -6.780668e+02
  [15]  5.024416e+02 -6.938593e+02  1.362614e+03 -2.178730e+02  2.865805e+02 -7.908147e+02 -3.912390e+02
  [22] -2.471939e+02 -4.346622e+02  1.230041e+02  1.481589e+03  3.754175e+02  3.301212e+02 -6.220365e+02
  [29] -2.890489e+02  1.526996e+03  5.074695e+02 -1.466306e+02 -9.385665e+01  1.489812e+03 -2.707906e+02
  [36] -3.370394e+02 -3.580192e+02 -8.630334e+02  1.723230e+02  6.946521e+02  5.393165e+02  1.598703e+02
  [43]  4.696034e+02 -6.172628e+02 -4.072149e+02  4.754610e+02 -6.234240e+02 -3.212520e+02  1.615488e+02
  [50]  2.146014e+01  9.124258e+02  7.300891e+02 -4.101453e+02 -4.144485e+02 -9.645791e+01  1.710049e+03
  [57]  3.727069e+02  1.604857e+03 -2.856512e+02 -4.768802e+02 -6.387658e+02 -2.930491e+02 -5.067430e+02
  [64] -1.033051e+02 -8.039744e+02 -4.856936e+02 -8.812601e+01  2.712569e+02 -7.958355e+02 -1.049554e+02
  [71] -3.731393e+02 -4.333531e+02 -7.630302e+02 -3.181370e+02  1.428788e+03 -1.667301e+02  7.725760e+02
  [78]  1.415577e+03 -3.310414e+02  1.674061e+02  2.147388e+02  2.405670e+00 -3.228934e+02 -7.349875e+02
  [85] -6.781101e+02  3.183617e+02 -1.180994e+02  6.050183e+01 -5.605914e+02 -5.711655e+02 -6.870378e+02
  [92] -3.776840e+02  8.696958e+02  1.150253e+03 -5.127935e+02 -3.437578e+02 -5.728954e+02  3.085535e+02
  [99]  8.989868e+02 -1.522182e+02  9.192699e+02 -3.604894e+02  1.824652e+02 -2.305753e+02 -1.713722e+02
 [106]  1.769165e+02 -5.648161e+02 -7.463240e+01 -6.469690e+02 -4.604183e+02 -4.791572e+02  1.463383e+03
 [113]  6.398444e+02 -4.990999e+02 -5.258576e+01  1.507755e+03 -2.507730e+02  6.260697e+00 -1.712503e+02
 [120] -3.161417e+02 -3.204746e+02 -5.705451e+02 -7.850059e+02  1.356644e+01 -8.204707e+02 -3.067947e+02
 [127]  4.449915e+02 -5.516751e+02  1.917025e+02  3.471718e+01 -5.373304e+02 -6.067288e+02  6.765170e+01
 [134] -1.573553e+02 -5.365355e+02 -7.023558e+02 -5.263323e+02  5.007926e+02 -4.371647e+02 -2.319702e+02
 [141] -7.715255e+02 -4.466924e+00 -1.527403e+02 -4.505631e+02  1.441195e+02 -1.918451e+02 -6.429530e+02
 [148] -3.201030e+02 -7.553506e+01 -7.701379e+02  2.070329e+01 -4.614713e+02 -4.916142e+02 -4.861223e+02
 [155] -2.303894e+02 -7.424576e+02  3.283584e+01 -8.644198e+00 -3.462603e+02  3.607916e+02 -6.625815e+01
 [162] -3.770671e+02 -7.303630e+02 -4.069539e+02 -5.014083e+02  3.771678e+02  4.668128e+02  1.380587e+03
 [169]  2.047031e+02 -4.560890e+02  4.595425e+02  2.058852e+02 -1.411315e+01 -7.540943e+02 -2.934181e+02
 [176] -1.488021e+02 -3.036396e+02 -2.566737e+02 -4.955155e+02 -7.038327e+02 -6.409357e+02 -4.966796e+02
 [183] -2.805366e+01 -2.571334e+02 -3.580291e+02  3.031228e+01 -3.367151e+02 -7.203574e+02 -1.611852e+02
 [190] -4.585195e+02 -5.004651e+02  5.546580e+01 -4.114966e+02  7.097454e+01 -3.383195e+02 -4.618121e+01
 [197]  1.045845e+03 -5.618168e+01  1.529244e+03 -8.819440e+02 -5.603295e+02 -6.372437e+02 -1.991071e+01
 [204] -4.536167e+02 -4.730796e+02 -5.293386e+02 -6.305619e+02  5.141346e+02  5.887494e+01  4.748691e+02
 [211] -4.600595e+02 -3.228681e+02 -5.114724e+02 -8.847919e+00  6.186642e+02 -4.245499e+02 -5.725778e+02
 [218]  7.360413e+01 -4.309358e+02  4.292272e+02  1.477488e+03 -7.830042e+02 -3.996283e+02  1.633529e+02
 [225] -4.874292e+02 -6.847286e+02 -8.829917e+02 -3.155251e+02  3.696948e+02 -7.818660e+02 -2.388946e+02
 [232] -4.662567e+01 -7.466605e+02 -3.148284e+02 -9.482992e+02 -2.565799e+02  1.886020e+03 -3.550505e+02
 [239]  1.396111e+02 -1.251504e+02  4.435510e+02  3.936403e+02  1.044832e+02  1.531082e+03 -4.835246e+02
 [246]  1.233975e+03 -5.798488e+02  7.435040e+02 -5.380864e+02 -6.106423e+02  7.576138e+01 -8.385768e+02
 [253]  4.085843e+02 -4.968270e+02 -1.507619e+02 -4.086724e+02  3.941516e+01  4.112511e+02  2.174230e+02
 [260]  8.909136e+02 -1.285507e+02 -5.638587e+02  2.272525e+02 -5.465574e+02 -2.476367e+02  6.528983e+00
 [267]  1.608795e+02 -6.003469e+02  9.519195e+02 -7.113149e+02 -1.545061e+02 -6.474172e+00  3.387313e+02
 [274] -6.661610e+02 -4.840046e+02 -1.639782e+02  4.018827e+02 -2.928282e+02 -8.691752e+02  1.244382e+02
 [281] -5.657373e+02 -6.265223e+02 -3.231398e+02 -2.228979e+02 -1.172829e+02  2.349143e+02 -5.705139e+02
 [288] -3.330377e+01 -7.534092e+02 -5.168368e+02  2.039995e+02  1.879614e+02 -5.065052e+02  1.958580e+01
 [295] -7.329801e+02  9.584746e+02 -5.633033e+02 -4.848967e+01 -3.922058e+02 -3.874786e+02  2.945278e+02
 [302] -3.547451e+02 -7.035139e+02 -4.898303e+02  2.093223e+02 -2.656397e+02 -3.680506e+02 -6.630040e+02
 [309] -6.181909e+02 -4.750604e+02  3.310764e+02 -5.620293e+02  3.859830e+02  2.734692e+02 -3.278535e+02
 [316] -2.697630e+02  1.719691e+02 -7.431534e+02 -3.021949e+01  4.974447e+02  5.177320e+02 -6.645243e+02
 [323] -9.287628e+02 -8.665086e+02 -4.594862e+02 -3.878773e+02  1.959968e+02 -4.168401e+01  1.388817e+02
 [330] -9.667592e+02 -2.416568e+02 -5.813340e+02 -1.111471e+02  1.065855e+03 -1.950894e+02 -1.014879e+03
 [337] -2.165129e+02  9.537513e+02  8.093333e+01 -3.099077e+02 -2.784398e+02 -4.941311e+02 -1.804864e+02
 [344]  1.824831e+03  2.897782e+01 -5.091760e+02 -2.055935e+02 -5.828832e+00 -1.347165e+01 -6.002341e+02
 [351]  2.104884e+02  1.087868e+03  1.163981e+03 -5.951937e+02  4.326319e+03 -3.017630e+02  5.802134e+02
 [358] -3.827794e+02 -8.313766e+02 -2.612729e+02  2.869265e+02 -4.095168e+02 -6.554758e+02  2.404921e+00
 [365] -5.498892e+02 -4.506251e+02 -4.228177e+02  3.639095e+02  2.243347e+02 -2.217553e+02 -4.519219e+02
 [372] -3.477146e+02 -5.499828e+02 -4.628818e+02  1.599344e+02  5.584101e+02 -7.873358e+02 -9.183185e+01
 [379] -6.253742e+02  4.155932e+01 -1.479872e+02 -5.246166e+02 -8.698084e+02  4.433029e+02 -1.652385e+02
 [386]  4.061019e-01  1.633796e+03 -3.658558e+02 -1.952175e+02  3.929436e+02 -2.168904e+02  8.197247e+01
 [393] -7.386877e+02  7.565878e+02  1.312753e+00  4.164845e+02 -4.213814e+02 -1.910635e+02  1.480434e+03
 [400]  2.514512e+01  1.081445e+03  4.921764e+01 -7.443984e+01  3.311108e+03  2.330062e+01 -1.735375e+02
 [407] -5.427283e+02 -8.854822e+02 -2.147192e+02  3.463321e+02 -4.227020e+02  3.817968e+02 -8.808022e+02
 [414] -2.488136e+02  3.059204e+02  6.372675e+01 -1.917674e+02 -4.118738e+02 -3.001337e+02 -5.657041e+02
 [421] -1.109429e+02 -4.185310e+02  1.252731e+03  5.318680e+01 -7.871487e+02  1.632325e+02  1.016288e+03
 [428]  6.004894e+01  7.730172e+01 -5.624358e+02 -4.732126e+02  3.352263e+02 -4.851752e+02 -7.066239e+02
 [435] -5.533850e+02 -4.494389e+02 -2.978448e+02 -7.512715e+02 -4.338134e+02 -6.029620e+02 -6.379322e+02
 [442] -6.869047e+02  1.480371e+02 -7.497632e+02  1.070216e+02 -2.922895e+02 -3.266338e+02 -2.518550e+02
 [449] -3.024993e+02 -6.871439e+01 -3.721873e+02 -4.069298e+02 -5.978844e+02  1.791442e+03 -2.183070e+02
 [456] -3.519196e+02 -6.523701e+02 -3.492862e+02 -5.199199e+02  7.109811e+01  2.517436e+01  4.885591e+02
 [463]  1.297869e+03  9.061953e+02  1.124385e+03 -4.007112e+01  1.755378e+02 -5.387183e+02 -5.741862e+02
 [470] -3.242668e+02 -4.639710e+02 -8.046978e+01 -7.738794e+02 -5.609552e+02 -6.456108e+02 -3.041119e+02
 [477] -5.301347e+02 -5.882182e+02 -6.606785e+01 -3.319810e+02 -4.881769e+02  1.756145e+02 -8.547243e+01
 [484] -7.591935e+02 -7.373901e+01 -5.598516e+02  1.183919e+03 -2.079045e+02  1.846283e+03  3.807059e+02
 [491] -5.336969e+02 -2.490464e+02  6.398261e+00 -3.326855e+02 -6.994407e+01  1.443436e+03 -1.722896e+02
 [498] -8.743423e+01 -6.338836e+01 -5.839151e+02  2.583389e+02 -3.090156e+02 -1.015869e+01 -7.564229e+02
 [505] -7.855558e+02 -8.448126e+02  3.623940e+02 -1.997647e+02 -6.626758e+02 -5.315870e+02 -3.798910e+02
 [512] -4.644882e+02 -6.099040e+02 -1.551438e+02 -5.055803e+02 -5.158366e+02 -4.842704e+02  6.325389e+02
 [519]  4.839132e+02 -3.439403e+02 -1.020765e+02  1.636794e+01 -6.573586e+02  6.087330e+02 -3.450218e+01
 [526] -6.614683e+02 -6.798307e+02 -5.895667e+01 -3.292792e+02 -3.301879e+01  4.650867e+02  8.359669e+04
 [533]  2.410909e+02 -1.990143e+02 -6.295335e+02 -8.263987e+01 -6.340763e+02 -5.021434e+02  2.571163e+02
 [540] -3.018682e+02  3.222385e-01  8.555602e+02  8.255415e+01 -4.725761e+02 -5.074146e+02 -3.631762e+02
 [547] -3.534073e+02 -6.707148e+02  2.186135e+02 -6.776960e+02 -3.623928e+02 -1.316243e+02  8.928389e+02
 [554] -3.559308e+01  8.388198e+00 -6.385487e+02 -3.683255e+02 -4.766084e+02 -8.102964e+02 -2.911648e+02
 [561]  9.028830e+01  3.240323e+02 -3.381272e+02  2.588856e+03 -5.262867e+02 -5.798798e+02 -8.114912e+02
 [568]  4.573645e+02  4.306673e+01  6.194180e+01 -3.464204e+02 -8.592322e+02 -2.693329e+01 -2.432450e+02
 [575] -5.884296e+02 -5.884606e+02 -5.573894e+02 -7.637957e+02  8.726652e+02  4.102778e+02 -4.363739e+02
 [582] -7.706678e+01  2.372518e+02 -5.215682e+02  1.854651e+02  5.367534e+02 -4.382478e+02 -1.839603e+02
 [589]  1.541290e+03  1.195832e+02 -5.072719e+01 -8.750498e+02  1.166864e+02  2.957524e+02 -7.909673e+02
 [596] -2.896060e+02 -8.275333e+02 -7.303002e+01 -4.197802e+02 -6.153504e+02 -6.123719e+02 -4.981252e+01
 [603] -9.806703e+01 -6.877889e+02 -2.502300e+02 -3.289010e+02 -2.729226e+02 -4.141450e+02 -7.249311e+02
 [610] -2.572071e+02 -1.229435e+02  4.859192e+02  5.291642e+01 -5.136028e+02 -4.638887e+02 -7.164736e+02
 [617]  2.055057e+02  7.739820e+02  4.790330e+02 -6.252757e+02  4.934223e+00 -3.992281e+02 -6.229048e+02
 [624]  4.746923e+01 -8.902692e+02  1.247227e+02 -5.153281e+02  2.724560e+02 -5.545833e+02 -9.272558e+02
 [631]  8.445017e+01 -4.531147e+02  3.667979e+02  1.668799e+02 -7.372857e+02 -3.837136e+02  1.076285e+03
 [638] -8.750147e+02 -3.643310e+02  2.900485e+02 -6.059510e+02 -3.093426e+02 -4.066406e+02  1.222234e+02
 [645]  3.397830e+02  1.162526e+03  3.129591e+02 -2.807140e+02 -7.957451e+02 -7.005650e+02  5.558163e+01
 [652]  1.047637e+02 -5.098180e+02 -6.783949e+01  6.791544e+02  7.908923e+02  5.572669e+01 -2.427012e+02
 [659] -3.948311e+02  1.082482e+03  4.692425e+02 -3.833969e+02 -5.501327e+02  5.332959e+02  1.058282e+02
 [666]  5.176672e+02 -7.170413e+02  2.268793e+02 -4.257347e+02 -5.527118e+02  1.206812e+01 -3.138022e+02
 [673] -1.736489e+02  2.551745e+01 -2.138978e+02  1.524682e+02 -1.954695e+02  7.921539e+02  9.457549e+02
 [680] -3.066359e+02  1.095813e+03 -4.875322e+02 -2.589120e+02 -3.177883e+02 -3.979555e+02 -6.964338e+02
 [687]  5.051331e+02 -7.347838e+02 -4.125117e+02 -9.441463e+02  1.970240e+01 -4.938182e+02 -6.578687e+02
 [694] -9.653412e+02  1.539361e+02 -9.734745e+01 -2.210612e+02  2.703482e+02  7.774798e+02 -1.872639e+02
 [701] -6.802270e+02 -3.211515e+02 -1.242420e+03 -8.070174e+02  9.726035e+02 -3.499742e+02 -3.078289e+02
 [708] -6.535732e+02 -5.388781e+02 -5.011448e+02 -6.655098e+02  1.687470e+03 -2.730296e+02 -4.630303e+02
 [715]  8.160387e+02 -7.138753e+02  2.993972e+02 -3.615436e+02 -5.922304e+02 -5.538261e+02 -5.853686e+02
 [722] -1.885996e+02  6.271769e+02 -5.700476e+02  5.551480e+02 -9.614740e+02 -6.701280e+02  8.590632e+02
 [729]  4.418349e+02 -3.239577e+02  4.238915e+02 -6.938745e+02  8.280369e+02 -1.891614e+02 -4.914270e+02
 [736]  1.405312e+03  4.380211e+02 -2.591592e+02 -1.281747e+01  5.944525e+02 -5.754303e+02 -7.361706e+02
 [743]  8.889677e+01 -7.341984e+02 -1.135499e+02  5.903335e+02  3.658779e+02 -6.312047e+02 -3.560506e+02
 [750]  2.994080e+01  7.920792e+02  5.094995e+02 -7.134242e+02 -2.062741e+02 -2.016476e+02  1.092253e+03
 [757] -2.811186e+01 -5.414575e+02 -4.595508e+02 -3.945428e+02 -1.741662e+02 -1.579081e+02 -1.932645e+02
 [764]  5.478359e+02 -4.097632e+02  1.063730e+03  9.307078e+01 -1.039851e+01 -6.164609e+02  4.959138e+01
 [771] -6.149811e+02  6.233092e+02 -1.947175e+02 -6.442911e+02  1.141968e+02 -3.491880e+02 -4.338214e+02
 [778] -1.499034e+02  6.211569e+01 -6.414180e+01  4.766870e+02 -2.173372e+02 -6.857587e+02 -7.455647e+02
 [785] -1.290457e+02  3.706124e+02 -1.635735e+02  1.097345e+02 -5.971938e+02  2.691024e+02  9.150037e+02
 [792] -3.966917e+02  4.823794e+01 -3.542803e+02 -5.963072e+02 -3.700581e+02 -2.076014e+02  7.287510e+02
 [799] -7.440149e+02 -5.633147e+02 -4.720391e+02 -2.554979e+02 -4.610536e+02 -6.992213e+02 -6.580095e+02
 [806] -6.537364e+02  1.095790e+03 -3.630765e+02  2.570118e+02 -2.697336e+02 -3.504212e+02 -7.960235e+02
 [813] -3.491193e+02 -2.504707e+02  1.443862e+03  4.044444e+02 -7.514202e+02 -4.025391e+02 -5.646323e+02
 [820] -2.822191e+02 -5.502624e+02 -5.679866e+02  5.976784e+01 -6.373565e+02 -7.291279e+02 -5.022382e+02
 [827] -3.990390e+02 -4.700177e+02 -5.992450e+02 -9.324303e+02  2.349397e+01 -4.475812e+02  4.498182e+01
 [834] -7.446418e+02  5.118235e+02  4.255950e+02 -1.277014e+02  1.343814e+03 -5.361576e+02  1.795764e+03
 [841] -5.641396e+02 -7.541499e+02 -1.908616e+03  3.566457e+02 -2.121813e+01 -4.368955e+02 -2.302018e+02
 [848] -7.611466e+02 -5.692963e+02  4.041229e+02 -2.424373e+02 -5.019714e+02  2.312612e+02 -1.101458e+03
 [855] -2.184240e+02  1.310978e+02 -3.330500e+02 -4.158576e+02 -2.665850e+02  6.369266e+02  1.496394e+02
 [862]  2.671701e+03 -1.174979e+02 -8.988373e+01  9.141615e+02  8.924558e+01 -3.127964e+02 -5.493989e+02
 [869]  5.001114e+01 -4.099695e+01 -4.240237e+01 -2.126492e+02 -4.909316e+02 -2.454482e+02 -4.904558e+02
 [876] -4.636915e+02 -8.655985e+01 -5.120785e+01 -2.715926e+02 -6.800718e+02 -8.519404e+02 -7.400244e+02
 [883] -6.365957e+02 -6.349438e+02  9.627635e+02 -5.664335e+02 -2.864587e+02 -7.141562e+02 -6.385369e+02
 [890]  2.972053e+01 -4.698778e+02 -3.889722e+02 -5.064560e+02  5.849379e+01  4.465950e+02  1.977192e+02
 [897] -4.656901e+02  1.774671e+02 -4.282105e+02 -3.465723e+02 -3.945862e+02 -3.846279e+02 -2.214205e+02
 [904] -3.494043e+02  8.463279e+02 -3.226612e+02 -2.208012e+02 -2.849139e+02 -8.437579e+01 -2.098518e+02
 [911] -2.324572e+02  3.301922e+02 -1.951972e+02 -2.955401e+02 -2.090716e+02  3.726219e+02  4.519923e+02
 [918] -2.964829e+02 -5.024465e+02 -6.455053e+02 -3.246893e+01 -4.352106e+02 -3.203289e+02 -6.336890e+02
 [925] -5.928142e+02 -6.995153e+02 -5.578670e+02 -6.666013e+02 -6.041029e+02 -2.958346e+02 -1.205179e+02
 [932]  1.123989e+03 -3.157950e+02 -4.835138e+02  1.013451e+02 -2.170715e+02 -1.655770e+02 -2.080402e+02
 [939] -6.010150e+01 -3.676061e+02  1.689449e+03 -6.197856e+02 -4.987794e+02  6.956524e+02 -1.826431e+02
 [946] -5.693270e+02 -7.114453e+02  4.192612e+02 -5.993034e+02 -7.880272e+02 -2.925536e+02  3.078336e+02
 [953]  1.736858e+02 -4.160125e+02  6.667825e+01 -6.282836e+02 -3.016742e+02 -6.175168e+02 -5.602991e+02
 [960] -3.458277e+02 -6.491578e+02 -4.738475e+02 -2.877442e+02  3.012095e+02 -2.955415e+02 -6.843398e+01
 [967] -7.446260e+02 -1.804859e+02 -6.923060e+02 -1.584159e+02  1.333346e+02 -7.805473e+02 -4.303727e+02
 [974] -7.698474e+02 -4.127182e+02  2.315592e+02  1.624017e+03  1.047244e+02 -6.599438e+02 -5.345522e+02
 [981] -2.319697e+02 -7.226530e+02 -1.601711e+02 -1.589314e+02 -6.956426e+02 -2.818731e+02  1.538582e+03
 [988] -7.163743e+02 -7.596363e+01  1.582991e+02  4.648250e+02  2.345458e+03 -3.971321e+02 -5.607685e+02
 [995] -5.234344e+02  3.363119e+02  6.002557e+02  8.514164e+01 -4.538297e+02 -3.445036e+02
 [ reached getOption("max.print") -- omitted 1457644 entries ]

$qr
               Intercept         month           day          hour        minute        second passenger_count
      [1,] -1.207743e+03 -4.247413e+03 -1.872487e+04 -1.643314e+04 -3.573732e+04 -3.559653e+04   -2.010324e+03
      [2,]  8.279905e-04 -2.030261e+03  1.590872e+02  2.657227e+01  2.230263e+01 -4.128213e+00    3.401815e+00
      [3,]  8.279905e-04 -1.239442e-03 -1.050995e+04 -2.799737e+00  3.410672e+00 -4.694223e+00   -3.145878e+00
      [4,]  8.279905e-04  2.382008e-04 -9.004891e-04 -7.729138e+03  6.551721e+01 -3.043451e+01   -1.443366e+01
      [5,]  8.279905e-04 -2.543466e-04  9.948598e-04 -8.016920e-05 -2.092369e+04  2.155408e+01   -1.567055e+00
      [6,]  8.279905e-04 -1.239442e-03  1.360231e-03  1.079134e-03 -1.363584e-03 -2.091789e+04   -1.470644e+00
      [7,]  8.279905e-04  1.223296e-03  1.613594e-04  1.091943e-03  2.147737e-04  1.408266e-03   -1.587193e+03
      [8,]  8.279905e-04  7.307483e-04  5.343408e-04 -8.513290e-04  1.164528e-03  1.363485e-03   -4.155453e-04
      [9,]  8.279905e-04  7.307483e-04  1.105229e-03  1.218749e-03 -8.365830e-04 -3.124814e-04   -4.271458e-04
     [10,]  8.279905e-04 -2.543466e-04 -5.275077e-04  9.549028e-04  7.395194e-04 -1.363717e-03   -4.218961e-04
     [11,]  8.279905e-04  7.307483e-04 -5.122868e-04  1.089398e-03 -1.027990e-03  5.481984e-04   -4.265274e-04
     [12,]  8.279905e-04  7.307483e-04 -3.654697e-05 -3.337965e-04 -6.499820e-04 -8.838626e-04    1.480203e-03
     [13,]  8.279905e-04 -7.468941e-04  3.212135e-04 -6.002366e-04  1.069092e-03  7.901205e-04    2.110153e-04
     [14,]  8.279905e-04  1.223296e-03 -1.361008e-03  8.332099e-04  1.361164e-03 -2.579272e-05   -4.209865e-04
     [15,]  8.279905e-04  7.307483e-04  1.105229e-03 -1.757003e-03  6.360239e-04  3.132576e-04   -4.044568e-04
     [16,]  8.279905e-04  7.307483e-04  5.860100e-05  1.837239e-04 -2.712610e-05 -1.315020e-03   -4.133452e-04
     [17,]  8.279905e-04  2.382008e-04 -4.247493e-04  4.399362e-04 -2.651694e-05  9.794833e-04   -4.244317e-04
     [18,]  8.279905e-04  2.382008e-04 -1.393054e-04 -7.244937e-04  8.780086e-04 -1.662434e-04   -4.111194e-04
     [19,]  8.279905e-04  1.223296e-03  1.112839e-03 -5.900210e-04  1.213262e-03 -7.883954e-04   -4.096424e-04
     [20,]  8.279905e-04  1.223296e-03 -9.804162e-04 -7.246080e-05  8.326788e-04 -3.111324e-04   -4.123874e-04
     [21,]  8.279905e-04 -7.468941e-04  1.177545e-03 -1.505916e-03 -3.197077e-04 -1.311665e-03   -4.040659e-04
     [22,]  8.279905e-04  2.382008e-04 -1.376229e-03 -2.069491e-04 -8.408521e-04 -2.145605e-04   -4.125262e-04
     [23,]  8.279905e-04  2.382008e-04 -6.150452e-04 -1.371388e-03  2.070063e-04 -1.173415e-04   -4.045651e-04
     [24,]  8.279905e-04  1.223296e-03  9.225432e-04 -4.606370e-04  3.056079e-04 -1.669508e-04   -4.122162e-04
     [25,]  8.279905e-04  1.223296e-03 -1.170712e-03 -7.193600e-04 -6.986197e-04 -1.170370e-03   -4.024821e-04
     [26,]  8.279905e-04 -7.468941e-04 -1.545263e-04 -8.270576e-05 -1.241211e-04  1.267598e-03   -4.238357e-04
     [27,]  8.279905e-04 -7.468941e-04  1.082397e-03  9.523160e-04  1.264869e-03 -1.363525e-03   -4.259442e-04
     [28,]  8.279905e-04  1.223296e-03  4.468033e-04  1.221319e-03 -1.075267e-03 -6.473333e-04   -4.235255e-04
     [29,]  8.279905e-04  1.223296e-03 -2.192325e-04  9.625696e-04  1.313653e-03 -1.215500e-04   -4.235136e-04
     [30,]  8.279905e-04 -2.543466e-04  7.094159e-04  4.921653e-05 -9.360731e-04  4.546553e-04   -4.216452e-04
     [31,]  8.279905e-04  7.307483e-04  1.537490e-04 -4.631805e-04  8.311844e-04  1.028300e-03   -4.169072e-04
     [32,]  8.279905e-04  7.307483e-04  5.343408e-04 -7.504585e-05 -1.270562e-03 -2.626410e-04   -4.149714e-04
     [33,]  8.279905e-04  7.307483e-04 -5.122868e-04  7.012564e-04 -1.210976e-04  4.052012e-04    2.068878e-04
     [34,]  8.279905e-04  2.382008e-04  1.461385e-04  5.178426e-05  4.023935e-04  2.389675e-05   -4.187189e-04
     [35,]  8.279905e-04 -1.239442e-03 -6.378766e-04 -2.146350e-04  1.213515e-03  2.638297e-04   -4.203004e-04
     [36,]  8.279905e-04 -2.543466e-04 -4.323597e-04 -8.564264e-04 -8.909009e-04 -3.089099e-04   -4.092549e-04
     [37,]  8.279905e-04 -1.239442e-03 -1.018468e-03  1.735135e-04 -2.789021e-05  1.171771e-03    8.344109e-04
     [38,]  8.279905e-04  1.223296e-03  7.322472e-04  1.221313e-03 -1.409843e-03 -9.819010e-04   -4.225622e-04
     [39,]  8.279905e-04  7.307483e-04  1.105229e-03  5.432429e-05 -1.709939e-04 -8.366963e-04    2.145265e-04
     [40,]  8.279905e-04  7.307483e-04 -5.122868e-04  3.131148e-04 -7.435727e-04  1.266418e-03   -4.225735e-04
     [41,]  8.279905e-04  2.382008e-04  5.267304e-04  9.574411e-04 -7.284072e-05 -1.207986e-04    2.036739e-04
     [42,]  8.279905e-04  2.382008e-04 -1.393054e-04 -7.759107e-05 -1.236892e-04  1.075914e-03    2.093578e-04
     [43,]  8.279905e-04 -2.543466e-04 -1.469158e-04  4.923211e-05 -1.174955e-03  4.546682e-04   -4.201739e-04
     [44,]  8.279905e-04 -2.543466e-04  3.288240e-04 -1.632723e-03 -8.455201e-04  7.918317e-04   -4.077462e-04
     [45,]  8.279905e-04 -7.468941e-04 -3.448222e-04 -8.589855e-04  5.426558e-04  1.268649e-03   -4.171895e-04
     [46,]  8.279905e-04  1.223296e-03 -2.192325e-04  1.862864e-04  1.072350e-03 -4.549617e-04   -4.154307e-04
     [47,]  8.279905e-04 -1.239442e-03 -1.208764e-03  3.028975e-04  1.406300e-03 -1.314615e-03   -4.182571e-04
     [48,]  8.279905e-04 -7.468941e-04  9.872493e-04 -7.296292e-04  3.517479e-04 -1.408595e-03   -4.105285e-04
     [49,]  8.279905e-04  7.307483e-04  2.488969e-04  9.600036e-04  9.788424e-04 -2.646564e-04    8.353157e-04
     [50,]  8.279905e-04  2.382008e-04 -5.198973e-04  6.986990e-04 -8.859971e-04 -1.267633e-03   -4.178537e-04
     [51,]  8.279905e-04 -1.239442e-03  3.136031e-04  1.208534e-03 -5.028252e-04 -1.363384e-03   -4.272242e-04
     [52,]  8.279905e-04  7.307483e-04 -7.977307e-04 -7.502161e-05 -5.535443e-04  1.075740e-03   -4.181758e-04
     [53,]  8.279905e-04 -7.468941e-04 -5.937832e-05 -6.002296e-04 -2.212752e-04 -6.916345e-04    2.737911e-03
     [54,]  8.279905e-04  2.382008e-04 -2.344534e-04  5.179119e-05 -2.666684e-04  8.367103e-04   -4.207064e-04
     [55,]  8.279905e-04  7.307483e-04 -3.654697e-05 -5.925576e-04  5.918490e-04  1.363177e-03   -4.165725e-04
     [56,]  8.279905e-04  2.382008e-04  3.364345e-04 -3.363608e-04 -2.892883e-05 -1.027153e-03    8.485098e-04
     [57,]  8.279905e-04 -1.239442e-03 -1.303912e-03  1.735187e-04  5.456497e-04 -8.840043e-04    2.119762e-04
     [58,]  8.279905e-04  2.382008e-04  6.218784e-04 -3.363660e-04 -7.674875e-05 -1.409581e-03   -4.106015e-04
     [59,]  8.279905e-04 -2.543466e-04 -1.469158e-04  1.786126e-04 -1.222358e-03  4.066738e-04   -4.210941e-04
     [60,]  8.279905e-04 -2.543466e-04  3.288240e-04  4.373651e-04  5.467073e-04 -1.171634e-03   -4.193345e-04
     [61,]  8.279905e-04 -7.468941e-04  1.272693e-03 -1.505918e-03  7.795159e-04 -2.601382e-04   -4.086685e-04
     [62,]  8.279905e-04 -1.239442e-03 -8.281725e-04  4.322711e-04 -1.365325e-03  1.199055e-04    1.466504e-03
     [63,]  8.279905e-04  7.307483e-04 -2.268429e-04 -2.044125e-04  1.151096e-04 -8.364059e-04   -4.113584e-04
     [64,]  8.279905e-04  7.307483e-04  8.197847e-04 -2.044316e-04 -6.496737e-04  1.677034e-04   -4.162147e-04
     [65,]  8.279905e-04  2.382008e-04 -5.198973e-04  3.105574e-04 -1.078338e-03  7.886523e-04   -4.218693e-04
     [66,]  8.279905e-04  7.307483e-04  5.343408e-04  4.424763e-04  4.037429e-04  1.218237e-03   -4.258036e-04
     [67,]  8.279905e-04 -7.468941e-04  1.272693e-03 -3.414928e-04 -3.640005e-04  2.641671e-04   -4.200268e-04
     [68,]  8.279905e-04  1.223296e-03  9.225432e-04  1.091929e-03 -1.171288e-03  7.870790e-04    2.017268e-04
     [69,]  8.279905e-04 -2.543466e-04  2.336760e-04  8.255084e-04  1.264777e-03 -6.465004e-04   -4.248722e-04
     [70,]  8.279905e-04 -7.468941e-04 -1.201154e-03  3.054549e-04 -3.618153e-04  9.801758e-04    2.095786e-03
     [71,]  8.279905e-04  1.223296e-03 -7.901203e-04  1.091961e-03  1.192789e-04  1.174868e-04   -4.239380e-04
     [72,]  8.279905e-04 -2.543466e-04  4.338010e-05  8.255118e-04 -7.902921e-04 -8.373427e-04   -4.227140e-04
     [73,]  8.279905e-04 -7.468941e-04  4.163615e-04  9.523281e-04  1.360518e-03 -7.898965e-04   -4.270491e-04
     [74,]  8.279905e-04 -7.468941e-04  4.163615e-04  5.641865e-04  1.311556e-03  6.448838e-04    2.011611e-04
     [75,]  8.279905e-04 -2.543466e-04  8.045638e-04  4.373564e-04  1.359138e-03  1.027304e-03   -4.285478e-04
     [76,]  8.279905e-04 -2.543466e-04  4.239720e-04  1.213647e-03 -6.457805e-04  4.528130e-04   -4.314552e-04
     [77,]  8.279905e-04  7.307483e-04  5.860100e-05 -7.503719e-05 -1.079346e-03 -9.319785e-04    8.481867e-04
     [78,]  8.279905e-04  1.223296e-03  1.613594e-04  4.450406e-04  1.172388e-04  1.409271e-03   -4.245171e-04
     [79,]  8.279905e-04 -2.543466e-04  7.094159e-04 -1.762111e-03  2.054937e-04 -9.291699e-04   -4.015452e-04
     [80,]  8.279905e-04  2.382008e-04 -3.296013e-04  9.574566e-04 -2.496642e-05 -6.467056e-04   -4.231449e-04
     [81,]  8.279905e-04  1.223296e-03 -4.095284e-04 -2.018517e-04  1.071198e-03 -5.021824e-04   -4.115954e-04
     [82,]  8.279905e-04 -7.468941e-04  8.921014e-04  4.665572e-05  1.262158e-03 -1.670007e-04   -4.221510e-04
     [83,]  8.279905e-04 -1.239442e-03 -8.281725e-04  6.910322e-04  1.170294e-04 -6.934710e-04   -4.237475e-04
     [84,]  8.279905e-04  1.223296e-03 -9.804162e-04  5.744419e-04  6.434574e-04 -7.423372e-04   -4.163188e-04
     [85,]  8.279905e-04  1.223296e-03 -2.192325e-04 -8.487578e-04 -4.601366e-04  7.898623e-04   -4.101203e-04
     [86,]  8.279905e-04 -1.239442e-03  2.815919e-05  9.497777e-04 -3.601996e-04  5.492117e-04   -4.315831e-04
     [87,]  8.279905e-04  2.382008e-04 -9.004891e-04  1.216228e-03  5.971732e-04 -1.691800e-04   -4.265907e-04
     [88,]  8.279905e-04  7.307483e-04 -2.268429e-04  8.306317e-04  7.873269e-04  1.217544e-03    2.018460e-04
     [89,]  8.279905e-04 -1.239442e-03  1.169935e-03 -3.440484e-04 -2.208292e-04 -4.527228e-04   -4.185743e-04
     [90,]  8.279905e-04  1.223296e-03  8.273952e-04  5.688683e-05 -2.663362e-04  7.139398e-05   -4.170991e-04
           pickup_longitude pickup_latitude dropoff_longitude dropoff_latitude
      [1,]     5.517757e-08    1.605970e-07      4.188081e-06     2.111611e-07
      [2,]    -5.404032e+00    1.738152e+00     -5.745959e+00     7.334915e-01
      [3,]     9.743470e-01    7.871122e+00      4.634641e-01     6.728338e+00
      [4,]    -1.227815e+01   -1.280277e+01      2.710051e+01    -1.643964e+01
      [5,]     3.093002e+00   -1.760069e+00      3.222190e+00    -2.417741e+00
      [6,]    -4.599634e-01   -7.703207e-01      3.073348e-02     1.110676e-01
      [7,]    -2.523831e+00    6.297239e+00      1.514239e-01     3.476300e+00
      [8,]    -1.207661e+03   -2.714721e+01     -9.466711e+02    -1.208557e+02
      [9,]    -3.187615e-04    1.207325e+03      1.178088e+02     5.939185e+02
     [10,]    -9.372338e-05    1.804454e-04     -7.401351e+02     2.405431e+00
     [11,]    -1.230614e-04   -3.156205e-04     -4.133062e-04     1.044489e+03
     [12,]    -2.152199e-04    1.877874e-05      5.798727e-04    -5.500916e-04
     [13,]     1.342290e-04   -1.461311e-04     -4.170489e-04    -1.460528e-04
     [14,]     1.904442e-04   -4.038431e-04     -1.418188e-04    -2.010763e-05
     [15,]    -2.011643e-04    5.708781e-04      2.577385e-04    -1.213898e-03
     [16,]     2.062014e-04   -4.382906e-04      1.389360e-04    -2.506512e-04
     [17,]    -2.115029e-04   -1.125449e-04     -2.277224e-04     7.558516e-04
     [18,]    -2.334270e-04    1.212900e-04     -2.091078e-04     6.578256e-04
     [19,]    -3.505626e-04    9.369507e-04      4.624335e-04    -5.372436e-04
     [20,]    -1.238087e-04    3.252072e-04     -1.394123e-04     4.481262e-04
     [21,]    -6.096436e-05    1.929655e-04      2.594320e-04    -3.819572e-04
     [22,]    -7.202935e-05   -5.687110e-05      2.483447e-04    -2.812822e-04
     [23,]    -2.480841e-04   -2.118429e-04     -1.498098e-04     3.847132e-04
     [24,]    -2.326601e-04    7.965944e-05     -3.392148e-04     1.180281e-03
     [25,]     2.132849e-04   -6.570771e-04      3.113768e-03     3.334285e-03
     [26,]     2.017128e-04   -5.058897e-04     -3.662836e-04     8.205217e-04
     [27,]    -1.205134e-04    3.259799e-05      4.855950e-04    -1.332132e-03
     [28,]     1.573218e-04    9.606947e-04      4.402578e-04     1.390858e-03
     [29,]    -2.526645e-04    9.559528e-04      3.272624e-04     1.033483e-03
     [30,]    -1.010720e-04   -1.423503e-04      2.167606e-03    -4.509924e-04
     [31,]     3.399521e-05   -2.717309e-04     -5.417103e-04     8.594125e-04
     [32,]    -2.936451e-04    7.647565e-04     -2.223672e-04     1.647701e-03
     [33,]    -3.851363e-04    1.115559e-03      4.527437e-04    -4.648059e-04
     [34,]    -1.959168e-04   -1.445185e-04      2.190194e-03    -5.312896e-04
     [35,]    -4.037179e-04    9.656829e-04      1.933456e-04     1.854782e-04
     [36,]    -2.382819e-04   -9.482260e-07      1.728645e-04    -1.545257e-04
     [37,]     2.573962e-04   -4.740258e-04     -1.057433e-04     4.974454e-05
     [38,]    -1.892711e-04    5.746841e-04      2.243555e-04     4.678741e-04
     [39,]    -5.755831e-05   -1.974160e-04     -3.210131e-04     6.639097e-04
     [40,]    -5.795362e-05   -5.786092e-04      4.876011e-04    -3.170116e-04
     [41,]    -1.863148e-04    1.248778e-04      3.408348e-04    -1.193245e-03
     [42,]    -1.582415e-05   -6.693427e-06      3.769050e-04    -3.283549e-04
     [43,]    -2.036358e-05   -1.965752e-04      3.799231e-04    -2.450076e-04
     [44,]    -1.898563e-05    2.631701e-04     -1.347493e-04     4.035232e-04
     [45,]    -5.856477e-05    2.823630e-04     -3.121326e-04     5.820553e-04
     [46,]    -5.038729e-04    1.151081e-03      6.638014e-04    -1.291825e-03
     [47,]    -1.297220e-04    4.867834e-04     -4.251278e-05     5.542857e-04
     [48,]    -8.198804e-05   -7.178022e-04      4.016345e-05    -6.912518e-04
     [49,]     7.406529e-05   -3.960145e-04     -4.818510e-04     9.396194e-04
     [50,]     8.437684e-05   -3.646210e-04      9.176927e-05    -9.739715e-04
     [51,]    -2.784747e-04   -4.270959e-05      3.545857e-03    -1.731201e-03
     [52,]    -4.792759e-05   -5.842620e-04     -3.601261e-04     8.416090e-04
     [53,]    -4.687074e-05   -1.130847e-04     -5.172987e-04    -7.944720e-05
     [54,]     5.390449e-05   -8.897055e-04      3.571577e-05    -1.878166e-04
     [55,]     4.554852e-04   -1.253312e-03     -9.899882e-04     1.540697e-03
     [56,]     2.110113e-03    2.383452e-03      8.043340e-04     5.215659e-04
     [57,]    -9.949414e-05   -2.895935e-04     -8.347642e-05     2.493559e-04
     [58,]    -2.456055e-04    7.978787e-04      2.354960e-04    -6.791148e-04
     [59,]    -2.482262e-04    1.437521e-04     -1.455393e-04     6.672610e-04
     [60,]     2.341441e-04   -4.100067e-04     -4.763564e-04     6.425766e-04
     [61,]     2.747198e-04    9.177221e-04     -1.476905e-04     1.166056e-03
     [62,]    -4.650233e-05   -2.773883e-05     -4.586390e-04     2.162903e-05
     [63,]    -3.306177e-04    6.170171e-04     -1.371857e-04    -9.609481e-05
     [64,]    -2.419259e-04   -2.809762e-04      1.121204e-04    -8.883234e-04
     [65,]    -3.900125e-04    4.382848e-04      6.498935e-05    -6.057014e-05
     [66,]    -3.450280e-04    2.880666e-04      1.481795e-04    -1.856858e-05
     [67,]     3.017869e-04   -5.934882e-04     -3.022237e-04     2.613924e-04
     [68,]    -3.448702e-04   -2.733895e-04      1.359091e-03    -2.876629e-03
     [69,]    -3.468154e-04    6.997743e-04      5.502985e-05     1.906701e-04
     [70,]    -6.288131e-05   -7.980150e-05      3.432186e-04    -5.141660e-04
     [71,]     1.270480e-03   -4.314427e-04      9.433384e-04     1.225862e-03
     [72,]    -2.852657e-04    8.319393e-04      3.209265e-05     8.579961e-05
     [73,]     1.752691e-04   -5.289799e-04      8.834622e-05    -2.599123e-04
     [74,]    -2.059300e-04    3.675606e-05      1.916471e-04     1.111862e-04
     [75,]    -2.182616e-04    5.098173e-04      2.315715e-03    -9.173602e-04
     [76,]    -1.903870e-04   -4.466319e-04      5.596258e-04    -2.864615e-04
     [77,]     9.570711e-05   -1.409868e-03     -5.732415e-04     5.691821e-04
     [78,]     3.456931e-04   -9.623140e-04     -8.937398e-04     3.015333e-04
     [79,]    -4.195081e-04    1.163216e-03      4.189929e-05    -4.602991e-04
     [80,]    -8.932324e-05   -1.886757e-04     -5.848256e-04     1.361596e-03
     [81,]     2.686017e-04   -5.028127e-04     -9.684395e-04     4.635922e-04
     [82,]    -1.514005e-04   -4.439145e-04      9.080855e-05     2.423663e-05
     [83,]    -1.512264e-04   -1.304306e-04     -2.977111e-04    -1.853439e-04
     [84,]     1.180405e-04   -1.830257e-04      2.013009e-04    -1.913981e-04
     [85,]    -1.954628e-04   -1.623017e-04      1.796565e-05    -1.611205e-04
     [86,]    -2.391799e-04    4.282318e-04      6.458110e-04    -7.234493e-04
     [87,]     2.219637e-03    2.750655e-03     -2.506255e-03    -4.522814e-04
     [88,]    -4.827576e-04    9.581089e-04      3.376634e-04     3.129878e-04
     [89,]     6.475176e-05   -8.770491e-05     -8.779972e-05     1.845254e-04
     [90,]    -3.529857e-04    5.900604e-04      1.582871e-04    -4.485705e-05
 [ reached getOption("max.print") -- omitted 1458554 rows ]

$qraux
 [1] 1.000828 1.001223 1.000314 1.000699 1.000019 1.000501 1.001460 1.000058 1.000312 1.000196 1.000685

$rank
[1] 11

$pivot
 [1]  1  2  3  4  5  6  7  8  9 10 11

$tol
[1] 1e-07

attr(,"class")
[1] "qr"
